{
    "W11-2139": {
        "input_sentences": [
            "The CMU-ARK German-English Translation System",
            "This paper describes the German-English translation system developed by the ARK research group at Carnegie Mellon University for the Sixth Workshop on Machine Translation (WMT11).",
            "We present the results of several modeling and training improvements to our core hierarchical phrase-based translation system, including: feature engineering to improve modeling of the derivation structure of translations; better handing of OOVs; and using development set translations into other languages to create additional pseudoreferences for training.",
            "Abstract"
        ],
        "adjacency_matrix": [
            [
                1.0,
                0.3763249041491011,
                0.03784999541878948,
                0.0
            ],
            [
                0.3763249041491011,
                1.0,
                0.03478782856295148,
                0.0
            ],
            [
                0.03784999541878948,
                0.03478782856295148,
                1.0,
                0.0
            ],
            [
                0.0,
                0.0,
                0.0,
                1.0
            ]
        ]
    },
    "D12-1126": {
        "input_sentences": [
            "Meanwhile, our method also boosts the performance of POS tagging for pure Chinese texts.",
            "Due to the lack of specially annotated corpus, most of the English words are tagged as the oversimplified type, \u201cforeign words\u201d.",
            "In modern Chinese articles or conversations, it is very popular to involve a few English words, especially in emails and Internet literature.",
            "Experiments show that our method achieves higher performance than traditional sequence labeling methods.",
            "Therefore, it becomes an important and challenging topic to analyze Chinese-English mixed texts.",
            "Dynamic Features",
            "In this paper, we present a method using dynamic features to tag POS of mixed texts.",
            "The underlying problem is how to tag part-of-speech (POS) for the English words involved.",
            "Part-of-Speech Tagging for Chinese-English Mixed Texts with Dynamic Features",
            "Abstract"
        ],
        "adjacency_matrix": [
            [
                1.0,
                0.0,
                0.05836329436680251,
                0.19038521555442572,
                0.1561424773763962,
                0.0,
                0.2517886119333264,
                0.09772564569744747,
                0.3294265508132168,
                0.0
            ],
            [
                0.0,
                1.0,
                0.13956027037214888,
                0.0,
                0.04512334829605968,
                0.0,
                0.0,
                0.18471581728937633,
                0.052124226142999025,
                0.0
            ],
            [
                0.05836329436680251,
                0.13956027037214888,
                1.0,
                0.0,
                0.10215235969943612,
                0.0,
                0.0,
                0.1159065997125784,
                0.11800127648061418,
                0.0
            ],
            [
                0.19038521555442572,
                0.0,
                0.0,
                1.0,
                0.0,
                0.0,
                0.07306312974357669,
                0.0,
                0.0,
                0.0
            ],
            [
                0.1561424773763962,
                0.04512334829605968,
                0.10215235969943612,
                0.0,
                1.0,
                0.0,
                0.15652842291718255,
                0.06036132148786439,
                0.35576635883623525,
                0.0
            ],
            [
                0.0,
                0.0,
                0.0,
                0.0,
                0.0,
                1.0,
                0.39967130655606486,
                0.0,
                0.5053551827781617,
                0.0
            ],
            [
                0.2517886119333264,
                0.0,
                0.0,
                0.07306312974357669,
                0.15652842291718255,
                0.39967130655606486,
                1.0,
                0.199513007907777,
                0.38278974046426273,
                0.0
            ],
            [
                0.09772564569744747,
                0.18471581728937633,
                0.1159065997125784,
                0.0,
                0.06036132148786439,
                0.0,
                0.199513007907777,
                1.0,
                0.21262147699514686,
                0.0
            ],
            [
                0.3294265508132168,
                0.052124226142999025,
                0.11800127648061418,
                0.0,
                0.35576635883623525,
                0.5053551827781617,
                0.38278974046426273,
                0.21262147699514686,
                1.0,
                0.0
            ],
            [
                0.0,
                0.0,
                0.0,
                0.0,
                0.0,
                0.0,
                0.0,
                0.0,
                0.0,
                1.0
            ]
        ]
    },
    "W01-0510": {
        "input_sentences": [
            "The paper presents a data-driven approach to information extraction (viewed as template filling) using the structured language model (SLM) as a statistical parser.",
            "The task of template filling is cast as constrained parsing using the SLM.",
            "The model is automatically trained from a set of sentences annotated with frame/slot labels and spans.",
            "Training proceeds in stages: first a constrained syntactic parser is trained such that the parses on training data meet the specified semantic spans, then the non-terminal labels are enriched to contain semantic information and finally a constrained syntactic+semantic parser is trained on the parse trees resulting from the previous stage.",
            "Abstract",
            "Despite the small amount of training data used, the model is shown to outperform the slot level accuracy of a simple semantic grammar authored manually for the MiPad personal information management task.",
            "Information Extraction Using The Structured Language Model"
        ],
        "adjacency_matrix": [
            [
                1.0,
                0.29704416300629644,
                0.037496860800601634,
                0.10271763287421697,
                0.0,
                0.0838178631745121,
                0.514272243870114
            ],
            [
                0.29704416300629644,
                1.0,
                0.0,
                0.09107719030596993,
                0.0,
                0.06655442482166087,
                0.11312055399751217
            ],
            [
                0.037496860800601634,
                0.0,
                1.0,
                0.1557587780460249,
                0.0,
                0.08825258888168074,
                0.07291247242593155
            ],
            [
                0.10271763287421697,
                0.09107719030596993,
                0.1557587780460249,
                1.0,
                0.0,
                0.1643547967972304,
                0.03352282262418517
            ],
            [
                0.0,
                0.0,
                0.0,
                0.0,
                1.0,
                0.0,
                0.0
            ],
            [
                0.0838178631745121,
                0.06655442482166087,
                0.08825258888168074,
                0.1643547967972304,
                0.0,
                1.0,
                0.09798686896931907
            ],
            [
                0.514272243870114,
                0.11312055399751217,
                0.07291247242593155,
                0.03352282262418517,
                0.0,
                0.09798686896931907,
                1.0
            ]
        ]
    },
    "W06-2204": {
        "input_sentences": [
            "The requirement for large labelled training corpora is widely recognized as a key bottleneck in the use of learning algorithms for extraction.",
            "Compared to previous work, two novel features.",
            "Second, most bootstrapping methods identify the highest quality fragments in the unlabelled data and then assume that they are as reliable as manually labelled data in subsequent iterations. contrast, scoring mechanism prevents errors from snowballing by recording the reliability of fragments extracted from unlabelled data.",
            "Our experiments with several demonstrate that usually competitive with various fully-supervised algorithms when very little labelled training data is available.",
            "We present a semi-supervised learning algorithm for information extraction that can acquire extraction patterns from a small amount of labelled text in conjunction with a large amount of unlabelled text.",
            "Abstract",
            "First, the algorithm does not require redundancy in the fragments to be extracted, but only redundancy of the extraction patterns themselves.",
            "Transductive Pattern Learning For Information Extraction"
        ],
        "adjacency_matrix": [
            [
                1.0,
                0.0,
                0.021987680112525,
                0.16705073220358235,
                0.18969127194173205,
                0.0,
                0.041010181811105856,
                0.15036328741515304
            ],
            [
                0.0,
                1.0,
                0.0,
                0.0,
                0.0,
                0.0,
                0.0,
                0.0
            ],
            [
                0.021987680112525,
                0.0,
                1.0,
                0.1323794180775436,
                0.08043159223084566,
                0.0,
                0.12264358530760344,
                0.0
            ],
            [
                0.16705073220358235,
                0.0,
                0.1323794180775436,
                1.0,
                0.0831189234485537,
                0.0,
                0.0,
                0.0
            ],
            [
                0.18969127194173205,
                0.0,
                0.08043159223084566,
                0.0831189234485537,
                1.0,
                0.0,
                0.1833987395845558,
                0.26852340054845847
            ],
            [
                0.0,
                0.0,
                0.0,
                0.0,
                0.0,
                1.0,
                0.0,
                0.0
            ],
            [
                0.041010181811105856,
                0.0,
                0.12264358530760344,
                0.0,
                0.1833987395845558,
                0.0,
                1.0,
                0.06955400315935216
            ],
            [
                0.15036328741515304,
                0.0,
                0.0,
                0.0,
                0.26852340054845847,
                0.0,
                0.06955400315935216,
                1.0
            ]
        ]
    },
    "D08-1094": {
        "input_sentences": [
            "This task is a crucial step towards a robust, vector-based compositional account of sentence meaning.",
            "This makes it possible to integrate syntax into the computation of word meaning in context.",
            "We argue that existing models for this task do not take syntactic structure sufficiently into account. present a novel vector space model that addresses these issues by incorporating the selectional preferences for words\u2019 argument positions.",
            "We address the task of computing vector space representations for the meaning of word occurrences, which can vary widely according to context.",
            "A Structured Vector Space Model for Word Meaning in Context",
            "Abstract",
            "In addition, the model performs at and above the state of the art for modeling the contextual adequacy of paraphrases."
        ],
        "adjacency_matrix": [
            [
                1.0,
                0.053252479013257616,
                0.12933269319136162,
                0.14320710607252835,
                0.13857038818177173,
                0.0,
                0.0
            ],
            [
                0.053252479013257616,
                1.0,
                0.0,
                0.17548424344204644,
                0.28243571343585994,
                0.0,
                0.0
            ],
            [
                0.12933269319136162,
                0.0,
                1.0,
                0.10288575640253957,
                0.16559100373895358,
                0.0,
                0.04005301246686281
            ],
            [
                0.14320710607252835,
                0.17548424344204644,
                0.10288575640253957,
                1.0,
                0.3737241642859834,
                0.0,
                0.0
            ],
            [
                0.13857038818177173,
                0.28243571343585994,
                0.16559100373895358,
                0.3737241642859834,
                1.0,
                0.0,
                0.08888299224438508
            ],
            [
                0.0,
                0.0,
                0.0,
                0.0,
                0.0,
                1.0,
                0.0
            ],
            [
                0.0,
                0.0,
                0.04005301246686281,
                0.0,
                0.08888299224438508,
                0.0,
                1.0
            ]
        ]
    },
    "W09-1210": {
        "input_sentences": [
            "Efficient Parsing of Syntactic and Semantic Dependency Structures",
            "For the subtask of syntactic dependency parsing, we could reach the second place with an accuracy in average of 85.68 which is only 0.09 points behind the first ranked system.",
            "The semantic role labeler works not as well as our parser and we reached therefore the fourth place (ranked by the macro F1 score) in the joint task for syntactic and semantic dependency parsing.",
            "Our system combines and implements efficient parsing techniques to get a high accuracy as well as very good parsing and training time.",
            "For this task, our system has the highest accuracy for English with 89.88, German with 87.48 and the out-of-domain data in average with 78.79.",
            "Abstract",
            "We think that also the development of systems can profit from this since one can perform more experiments in the given time.",
            "For the applications of syntactic and semantic parsing, the parsing time and memory footprint are very important.",
            "In this paper, we describe our system for the 2009 CoNLL shared task for joint parsing of syntactic and semantic dependency structures of multiple languages."
        ],
        "adjacency_matrix": [
            [
                1.0,
                0.1850537119381076,
                0.29054398597393205,
                0.2483060851042223,
                0.0,
                0.0,
                0.0,
                0.30291672253438734,
                0.4154287355659199
            ],
            [
                0.1850537119381076,
                1.0,
                0.1976542762393916,
                0.11079888914834941,
                0.10704252300879315,
                0.0,
                0.0,
                0.10600118132228444,
                0.10225545764668223
            ],
            [
                0.29054398597393205,
                0.1976542762393916,
                1.0,
                0.047842820495640176,
                0.039749290282465655,
                0.0,
                0.0,
                0.17933205560265086,
                0.2681754140535995
            ],
            [
                0.2483060851042223,
                0.11079888914834941,
                0.047842820495640176,
                1.0,
                0.050619744212930196,
                0.0,
                0.06593609801317635,
                0.21543484515154937,
                0.059152005189119
            ],
            [
                0.0,
                0.10704252300879315,
                0.039749290282465655,
                0.050619744212930196,
                1.0,
                0.0,
                0.0,
                0.0,
                0.049145309592825336
            ],
            [
                0.0,
                0.0,
                0.0,
                0.0,
                0.0,
                1.0,
                0.0,
                0.0,
                0.0
            ],
            [
                0.0,
                0.0,
                0.0,
                0.06593609801317635,
                0.0,
                0.0,
                1.0,
                0.07777915902450919,
                0.0
            ],
            [
                0.30291672253438734,
                0.10600118132228444,
                0.17933205560265086,
                0.21543484515154937,
                0.0,
                0.0,
                0.07777915902450919,
                1.0,
                0.16738323034528801
            ],
            [
                0.4154287355659199,
                0.10225545764668223,
                0.2681754140535995,
                0.059152005189119,
                0.049145309592825336,
                0.0,
                0.0,
                0.16738323034528801,
                1.0
            ]
        ]
    },
    "C08-1081": {
        "input_sentences": [
            "Parsing the SynTagRus Treebank of Russian",
            "A feature analysis shows that high parsing accuracy is crucially dependent on the use of both lexical and morphological features.",
            "We present the first results on parsing the SYNTAGRUS treebank of Russian with a data-driven dependency parser, achieving a labeled attachment score of over 82% and an unlabeled attachment score of 89%.",
            "Abstract",
            "We conjecture that the latter result can be generalized to richly inflected languages in general, provided that sufficient amounts of training data are available."
        ],
        "adjacency_matrix": [
            [
                1.0,
                0.08554239210665184,
                0.3377312534024911,
                0.0,
                0.0
            ],
            [
                0.08554239210665184,
                1.0,
                0.028890339305226883,
                0.0,
                0.0
            ],
            [
                0.3377312534024911,
                0.028890339305226883,
                1.0,
                0.0,
                0.03988554181515318
            ],
            [
                0.0,
                0.0,
                0.0,
                1.0,
                0.0
            ],
            [
                0.0,
                0.0,
                0.03988554181515318,
                0.0,
                1.0
            ]
        ]
    },
    "D11-1132": {
        "input_sentences": [
            "Relation Extraction with Relation Topics",
            "This paper describes a novel approach to the semantic relation detection problem.",
            "Instead of relying only on the training instances for a new relation, we leverage the knowledge learned from previously trained relation detectors.",
            "First, we construct a large relation repository of more than 7,000 relations from Wikipedia.",
            "Third, we integrate the relation topics in a kernel function, and use it together with SVM to construct detectors for new relations.",
            "Specifically, we detect a new semantic relation by projecting the new relation\u2019s training instances onto a lower dimension topic space constructed from existing relation detectors through a three step process.",
            "Abstract",
            "The experimental results on Wikipedia and ACE data have confirmed that backgroundknowledge-based topics generated from the Wikipedia relation repository can significantly improve the performance over the state-of-theart relation detection approaches.",
            "Similar to the topics defined over words, each relation topic is an interpretable multinomial distribution over the existing relations.",
            "Second, we construct a set of non-redundant relation topics defined at multiple scales from the relation repository to characterize the existing relations."
        ],
        "adjacency_matrix": [
            [
                1.0,
                0.09001758603323438,
                0.14486869594044133,
                0.1099503380558493,
                0.17404653568302456,
                0.1699647399010535,
                0.0,
                0.16251772200270398,
                0.17029590845100862,
                0.21627032074228214
            ],
            [
                0.09001758603323438,
                1.0,
                0.03993118536322442,
                0.030306390909063716,
                0.023118416690743798,
                0.11566401671653959,
                0.0,
                0.09332705183627801,
                0.0226202248545138,
                0.03877049406276753
            ],
            [
                0.14486869594044133,
                0.03993118536322442,
                1.0,
                0.04877321780253426,
                0.16269694518755273,
                0.3132944295285684,
                0.0,
                0.046886987011088586,
                0.03640358091076918,
                0.06239481820547934
            ],
            [
                0.1099503380558493,
                0.030306390909063716,
                0.04877321780253426,
                1.0,
                0.19876667077399204,
                0.057222350378257396,
                0.0,
                0.25241380736730135,
                0.1012920024022276,
                0.27021131404158744
            ],
            [
                0.17404653568302456,
                0.023118416690743798,
                0.16269694518755273,
                0.19876667077399204,
                1.0,
                0.19088143088460607,
                0.0,
                0.056330441886837335,
                0.12258687963414236,
                0.18403930074754635
            ],
            [
                0.1699647399010535,
                0.11566401671653959,
                0.3132944295285684,
                0.057222350378257396,
                0.19088143088460607,
                1.0,
                0.0,
                0.05500936210097474,
                0.15346539391859323,
                0.11435566283508283
            ],
            [
                0.0,
                0.0,
                0.0,
                0.0,
                0.0,
                0.0,
                1.0,
                0.0,
                0.0,
                0.0
            ],
            [
                0.16251772200270398,
                0.09332705183627801,
                0.046886987011088586,
                0.25241380736730135,
                0.056330441886837335,
                0.05500936210097474,
                0.0,
                1.0,
                0.05511654533610656,
                0.10838382967786536
            ],
            [
                0.17029590845100862,
                0.0226202248545138,
                0.03640358091076918,
                0.1012920024022276,
                0.12258687963414236,
                0.15346539391859323,
                0.0,
                0.05511654533610656,
                1.0,
                0.2579511645001478
            ],
            [
                0.21627032074228214,
                0.03877049406276753,
                0.06239481820547934,
                0.27021131404158744,
                0.18403930074754635,
                0.11435566283508283,
                0.0,
                0.10838382967786536,
                0.2579511645001478,
                1.0
            ]
        ]
    },
    "P14-1060": {
        "input_sentences": [
            "In this work, we present a frequencydriven paradigm for robust distributional semantics in terms of semantically cohelineal constituents, or The framework subsumes issues such as differential compositional as well as noncompositional behavior of phrasal consituents, and circumvents some problems of data sparsity by design.",
            "We design a segmentation model to optimally partition a sentence into lineal constituents, which can be used to define distributional contexts that are less noisy, semantically more interpretable, and linguistically disambiguated.",
            "Abstract",
            "Hellinger PCA embeddings learnt using the framework show competitive results on empirical tasks.",
            "Traditional models of distributional semantics suffer from computational issues such as data sparsity for individual lexemes and complexities of modeling semantic composition when dealing with structures larger than single lexical items.",
            "Vector space semantics with frequency-driven motifs"
        ],
        "adjacency_matrix": [
            [
                1.0,
                0.13625125921064496,
                0.0,
                0.04645048737663035,
                0.14676661670902477,
                0.04399029929421255
            ],
            [
                0.13625125921064496,
                1.0,
                0.0,
                0.0,
                0.02795025208710578,
                0.0
            ],
            [
                0.0,
                0.0,
                1.0,
                0.0,
                0.0,
                0.0
            ],
            [
                0.04645048737663035,
                0.0,
                0.0,
                1.0,
                0.0,
                0.0
            ],
            [
                0.14676661670902477,
                0.02795025208710578,
                0.0,
                0.0,
                1.0,
                0.04700467735299054
            ],
            [
                0.04399029929421255,
                0.0,
                0.0,
                0.0,
                0.04700467735299054,
                1.0
            ]
        ]
    },
    "W05-0104": {
        "input_sentences": [
            "Using provided scaffolding, students built realistic tools with nearly state-of-theart performance in most cases.",
            "The course work was organized around four substantial programming assignments in which the students implemented the important parts of several core tools, including language models (for speech reranking), a maximum entropy classifier, a part-of-speech tagger, a PCFG parser, and a word-alignment system.",
            "In the fall term of 2004, I taught a new statistical NLP course focusing on core tools and machine-learning algorithms.",
            "A Core-Tools Statistical NLP Course",
            "This paper briefly outlines the coverage of the course, the scope of the assignments, and some of the lessons learned in teaching the course in this way.",
            "Abstract"
        ],
        "adjacency_matrix": [
            [
                1.0,
                0.06106257005348404,
                0.031220061737390656,
                0.06666815478570391,
                0.0,
                0.0
            ],
            [
                0.06106257005348404,
                1.0,
                0.0689722930667944,
                0.14728527921502757,
                0.08183534639388546,
                0.0
            ],
            [
                0.031220061737390656,
                0.0689722930667944,
                1.0,
                0.46829047298134274,
                0.06228250557618252,
                0.0
            ],
            [
                0.06666815478570391,
                0.14728527921502757,
                0.46829047298134274,
                1.0,
                0.132999728095395,
                0.0
            ],
            [
                0.0,
                0.08183534639388546,
                0.06228250557618252,
                0.132999728095395,
                1.0,
                0.0
            ],
            [
                0.0,
                0.0,
                0.0,
                0.0,
                0.0,
                1.0
            ]
        ]
    },
    "W12-2802": {
        "input_sentences": [
            "Our prelimi nary evaluation demonstrates the effectivenessof the model on a corpus of ?pick up?",
            "Toward Learning Perceptually Grounded Word Meanings from Unaligned Parallel Data",
            "In this paper, we present an approach which is capable of jointly learninga policy for following natural language com mands such as ?Pick up the tire pallet,?",
            "In order for robots to effectively understand natural language commands, they must be ableto acquire a large vocabulary of meaning rep resentations that can be mapped to perceptualfeatures in the external world.",
            "We assume the action policy takes a parametric form that factors based on the structure of the language, based on the G3 framework and use stochastic gradient ascentto optimize policy parameters.",
            "and a specific object in the environment.",
            "as well as a mapping between specific phrases in the language and aspects of the external world; for example the mapping between the words ?the tire pallet?",
            "Previous ap proaches to learning these grounded meaning representations require detailed annotations at training time.",
            "com mands given to a robotic forklift by untrained users.",
            "Abstract"
        ],
        "adjacency_matrix": [
            [
                1.0,
                0.0,
                0.07356405465935875,
                0.0,
                0.0,
                0.0,
                0.0,
                0.0,
                0.0,
                0.0
            ],
            [
                0.0,
                1.0,
                0.0,
                0.0,
                0.0,
                0.0,
                0.0,
                0.15850127058588157,
                0.0,
                0.0
            ],
            [
                0.07356405465935875,
                0.0,
                1.0,
                0.0812018605661311,
                0.11270345951155973,
                0.0,
                0.15341156973278286,
                0.0,
                0.16104863681824005,
                0.0
            ],
            [
                0.0,
                0.0,
                0.0812018605661311,
                1.0,
                0.022898956904635694,
                0.0,
                0.13420722660520926,
                0.05351551775198901,
                0.0,
                0.0
            ],
            [
                0.0,
                0.0,
                0.11270345951155973,
                0.022898956904635694,
                1.0,
                0.0,
                0.02665493303638215,
                0.0,
                0.0,
                0.0
            ],
            [
                0.0,
                0.0,
                0.0,
                0.0,
                0.0,
                1.0,
                0.12616309547491664,
                0.0,
                0.0,
                0.0
            ],
            [
                0.0,
                0.0,
                0.15341156973278286,
                0.13420722660520926,
                0.02665493303638215,
                0.12616309547491664,
                1.0,
                0.0,
                0.0,
                0.0
            ],
            [
                0.0,
                0.15850127058588157,
                0.0,
                0.05351551775198901,
                0.0,
                0.0,
                0.0,
                1.0,
                0.0,
                0.0
            ],
            [
                0.0,
                0.0,
                0.16104863681824005,
                0.0,
                0.0,
                0.0,
                0.0,
                0.0,
                1.0,
                0.0
            ],
            [
                0.0,
                0.0,
                0.0,
                0.0,
                0.0,
                0.0,
                0.0,
                0.0,
                0.0,
                1.0
            ]
        ]
    },
    "W04-0837": {
        "input_sentences": [
            "In this paper however, we examine the performance of the automatically acquired first sense in isolation since it turned out that the first sense taken from SemCor many systems in",
            "For accurate first sense heuristic should be used only as a back-off, where the evidence from the context is not strong enough.",
            "Using Automatically Acquired Predominant Senses For Word Sense Disambiguation",
            "Whilst there are hand-tagged corpora available for some languages, these are relatively small in size and many word forms either do not occur, or occur infrequently.",
            "word sense disambiguation the heuristic of choosing the most common sense is extremely powerful because the distribution of the senses of a word is often skewed.",
            "We evaluate on the and English alldata.",
            "Abstract",
            "In this paper we investigate the performance of an unsupervised first sense heuristic where predominant senses are acquired automatically from raw text.",
            "The first (or predominant) sense heuristic assumes the availability of handtagged data."
        ],
        "adjacency_matrix": [
            [
                1.0,
                0.07318959952117035,
                0.2417355764568301,
                0.0,
                0.10571376567494037,
                0.0,
                0.0,
                0.3419809003822795,
                0.07634478349104613
            ],
            [
                0.07318959952117035,
                1.0,
                0.05237453494288719,
                0.0,
                0.1220242113433204,
                0.0,
                0.0,
                0.10073532769474954,
                0.12670572375593261
            ],
            [
                0.2417355764568301,
                0.05237453494288719,
                1.0,
                0.06323859053553922,
                0.4018663916010243,
                0.0,
                0.0,
                0.3900652147961629,
                0.1636310992003208
            ],
            [
                0.0,
                0.0,
                0.06323859053553922,
                1.0,
                0.08283022203314287,
                0.0,
                0.0,
                0.0,
                0.0
            ],
            [
                0.10571376567494037,
                0.1220242113433204,
                0.4018663916010243,
                0.08283022203314287,
                1.0,
                0.0,
                0.0,
                0.15794790281925317,
                0.12728464230736486
            ],
            [
                0.0,
                0.0,
                0.0,
                0.0,
                0.0,
                1.0,
                0.0,
                0.0,
                0.0
            ],
            [
                0.0,
                0.0,
                0.0,
                0.0,
                0.0,
                0.0,
                1.0,
                0.0,
                0.0
            ],
            [
                0.3419809003822795,
                0.10073532769474954,
                0.3900652147961629,
                0.0,
                0.15794790281925317,
                0.0,
                0.0,
                1.0,
                0.18704922164797572
            ],
            [
                0.07634478349104613,
                0.12670572375593261,
                0.1636310992003208,
                0.0,
                0.12728464230736486,
                0.0,
                0.0,
                0.18704922164797572,
                1.0
            ]
        ]
    },
    "W11-0610": {
        "input_sentences": [
            "Classification of Atypical Language in Autism",
            "In this paper, we discuss previous work identifying language errors associated with atypical language in ASD and describe a procedure for reproducing those results.",
            "Our classifiers achieve results well above chance, demonstrating the potential for using NLP techniques to enhance neurodevelopmental diagnosis and atypical language analysis.",
            "We then present methods for automatically extracting lexical and syntactic features from transcripts of children\u2019s speech to 1) identify certain syntactic and semantic errors that have previously been found to distinguish ASD language from that of children with typical development; and 2) perform diagnostic classification.",
            "We expect further improvement with additional data, features, and classification techniques.",
            "Abstract",
            "We describe our data set, which consists of transcribed data from a widely used clinical diagnostic instrument (the ADOS) for children with autism, children with developmental language disorder, and typically developing children.",
            "Atypical or idiosyncratic language is a characteristic of autism spectrum disorder (ASD)."
        ],
        "adjacency_matrix": [
            [
                1.0,
                0.20555381024242456,
                0.1384327184533515,
                0.11810638061848054,
                0.16916379995296657,
                0.0,
                0.12555857791089306,
                0.38798126450327103
            ],
            [
                0.20555381024242456,
                1.0,
                0.13187487231398765,
                0.10205724774511372,
                0.0,
                0.0,
                0.03141553982299722,
                0.18212353577990814
            ],
            [
                0.1384327184533515,
                0.13187487231398765,
                1.0,
                0.013763124971565425,
                0.08192113210469175,
                0.0,
                0.01463154141199088,
                0.07762054680068463
            ],
            [
                0.11810638061848054,
                0.10205724774511372,
                0.013763124971565425,
                1.0,
                0.10285032471627177,
                0.0,
                0.21784230835256901,
                0.06622337512894727
            ],
            [
                0.16916379995296657,
                0.0,
                0.08192113210469175,
                0.10285032471627177,
                1.0,
                0.0,
                0.12534470824229235,
                0.0
            ],
            [
                0.0,
                0.0,
                0.0,
                0.0,
                0.0,
                1.0,
                0.0,
                0.0
            ],
            [
                0.12555857791089306,
                0.03141553982299722,
                0.01463154141199088,
